257
98
175 3
233 9
202 1
198 4
236 5
229 5
216 8
227 2
164 9
217 7
157 4
191 6
238 6
181 6
164 2
197 9
182 9
226 9
156 3
168 3
165 7
188 10
220 5
225 5
225 2
168 3
179 4
200 8
204 10
223 9
236 7
175 9
212 5
233 5
237 9
178 4
212 3
226 5
160 5
175 5
196 10
243 7
186 3
164 6
194 3
239 4
198 8
169 9
194 7
155 6
167 10
192 9
232 6
181 10
152 2
175 9
162 9
215 8
157 5
185 7
159 2
231 2
174 6
206 4
159 10
183 9
218 9
176 9
182 7
177 7
229 9
213 10
181 4
175 10
226 9
154 8
209 4
156 2
219 8
242 10
162 10
220 7
228 7
244 9
166 1
157 9
192 5
168 1
170 3
153 5
152 6
165 6
236 1
163 10
206 10
169 2
232 9
159 9
160 8
187 2
228 7
176 3
227 1
234 3
167 4
232 1
214 6
169 7
228 7
191 3
186 10
169 8
159 2
157 5
237 2
206 1
233 10
191 2
187 7
230 2
213 10
226 1
242 3
165 9
201 4
181 9
200 10
225 5
239 3
157 5
165 2
198 5
198 6
232 10
168 1
206 8
239 1
171 6
192 8
186 7
179 3
212 3
212 10
211 10
156 8
164 8
214 8
190 1
204 2
185 6
186 3
201 1
208 4
222 4
184 4
187 5
206 4
185 2
153 9
211 8
198 3
157 2
236 4
166 9
240 8
222 9
205 9
188 9
193 4
194 7
213 9
211 4
240 3
244 10
157 10
196 6
177 4
219 9
208 10
226 9
198 2
212 8
186 6
186 2
245 2
240 9
171 2
225 7
182 9
221 9
176 8
174 1
228 10
242 7
153 5
239 6
196 10
186 7
152 1
179 3
211 6
232 9
234 2
173 2
153 5
195 10
213 1
230 5
201 6
162 9
181 6
179 4
204 9
231 6
211 1
178 2
174 4
193 3
181 2
188 10
186 5
215 1
174 7
206 3
172 3
229 8
224 2
231 5
188 8
214 8
243 6
229 2
180 6
161 10
214 5
176 3
207 2
178 1
162 3
204 10
205 9
169 8
231 6
230 8
169 3
194 9
233 5
241 4
174 4
236 3
233 8
173 7
165 7
200 7
205 4
217 1
236 10
