8514 974
34
140
152
57
99
33
2
127
146
99
88
82
116
65
49
75
18
151
70
102
94
143
182
123
167
175
9
90
54
123
84
160
187
148
128
44
135
152
130
15
125
109
3
176
20
188
124
69
192
187
62
147
146
168
23
72
30
44
188
35
144
41
96
127
85
149
126
36
163
99
108
9
1
169
139
116
199
11
119
84
71
83
122
118
132
96
141
106
63
44
169
112
136
160
72
14
75
2
63
20
95
179
129
5
1
77
32
145
93
141
30
190
85
187
180
16
200
134
149
91
45
168
121
46
18
127
133
55
45
181
88
4
18
12
116
20
73
52
72
92
155
11
84
141
139
97
159
175
53
182
64
146
138
59
2
75
49
179
98
125
68
78
197
185
182
106
19
52
179
113
38
64
171
145
40
111
189
21
14
46
138
97
184
189
129
99
82
144
159
11
103
3
155
28
180
28
94
195
97
149
134
165
43
38
24
200
110
68
188
18
135
32
193
128
41
75
150
102
159
19
109
178
93
133
46
49
168
27
16
21
102
4
62
176
102
27
122
83
80
193
48
56
66
88
70
11
166
127
128
142
107
184
14
90
12
141
175
179
11
130
130
12
162
50
111
115
2
18
112
67
131
81
38
112
126
123
132
37
30
167
62
105
24
51
199
58
11
49
80
3
123
156
123
45
38
32
167
14
24
108
179
105
24
129
134
169
108
197
1
49
57
94
28
31
200
94
41
154
4
32
137
59
70
112
121
123
123
57
125
159
18
93
118
146
155
126
150
23
76
145
65
28
92
135
139
78
122
20
28
83
16
44
136
57
18
20
52
17
19
165
142
77
98
140
70
39
4
16
112
17
9
191
126
195
13
200
39
111
124
65
16
39
135
2
139
28
7
151
149
102
81
139
165
19
121
74
173
61
126
164
16
200
139
130
131
167
67
180
184
1
43
128
182
198
183
27
14
166
79
173
13
87
86
144
53
160
18
156
9
17
191
10
27
100
148
153
155
189
109
108
50
37
106
177
17
130
126
137
171
35
15
115
23
135
114
192
173
50
103
49
89
148
47
101
192
58
147
81
109
14
151
138
199
33
99
98
116
48
115
6
72
168
1
2
116
148
97
85
80
29
154
121
140
174
67
185
98
157
147
69
142
31
128
102
143
143
76
154
91
57
130
13
183
45
157
50
153
184
162
47
20
113
185
109
181
17
87
141
126
16
51
137
153
95
58
72
92
83
169
88
83
102
200
45
141
119
84
49
129
36
129
111
96
169
108
152
86
178
10
154
83
87
164
82
33
81
104
72
101
112
189
146
195
138
193
141
24
135
177
3
168
128
32
117
6
95
190
96
182
98
197
135
123
115
193
58
127
198
158
199
148
189
104
151
99
151
60
96
32
59
160
96
73
162
153
53
129
95
184
198
160
162
140
136
150
190
22
196
109
4
61
47
127
94
164
40
162
109
25
143
108
38
162
88
1
86
147
189
182
113
12
5
79
24
159
155
7
92
182
127
117
117
160
134
36
17
106
60
196
32
183
66
91
32
38
3
123
38
82
151
117
85
85
195
129
35
112
22
3
129
119
138
163
103
99
162
82
100
144
150
160
66
62
42
121
187
161
16
40
64
98
95
146
61
11
183
87
68
135
22
199
161
62
3
56
86
171
131
19
22
184
180
56
148
198
78
40
14
168
115
65
43
68
161
7
155
50
95
90
180
9
33
101
32
2
195
54
21
113
151
93
21
130
92
176
171
92
147
84
162
52
92
125
120
154
60
54
103
172
146
151
56
123
4
14
64
73
171
3
20
126
146
32
97
150
186
105
113
52
123
177
74
166
149
188
4
80
37
15
190
2
63
150
190
134
22
134
200
120
123
138
200
185
33
113
196
8
197
45
29
61
30
74
71
103
82
165
54
40
167
36
102
151
131
79
125
23
156
131
194
91
181
189
141
183
133
120
2
42
168
47
110
21
139
68
134
11
195
199
86
161
26
156
186
6
194
63
106
81
4
162
158
125
94
108
68
89
54
164
134
140
116
139
39
72
178
139
155
66
142
164
172
200
182
108
118
176
169
183
55
20
74
122
36
171
127
143
141
155
148
166
22
97
86
170
164
46
111
11
10
131
135
122
63
95
8
21
159
94
40
16
53
183
9
8
101
96
167
5
89
176
147
109
71
91
166
92
59
87
152
178
138
95
138
71
192
194
120
39
177
131
193
184
142
